1.573700  2000  5 
3.115273  2000  10 
4.468587  2000  15 
3.138664  5000  5 
7.338335  5000  10 
10.164223  5000  15 
8.228150  10000  5 
10.485955  10000  10 
15.730339  10000  15 
5.802039  15000  5 
11.959428  15000  10 
19.156377  15000  15 
10.469276  20000  5 
14.241079  20000  10 
20.973644  20000  15 
11.019135  30000  5 
21.013868  30000  10 
30.322637  30000  15 
15.018273  40000  5 
32.097680  40000  10 
43.577078  40000  15 
23.483420  50000  5 
42.558330  50000  10 
60.674458  50000  15 
26.577974  60000  5 
52.796533  60000  10 
78.530052  60000  15 
41.949229  30000  20 
103.999598  30000  50 
62.167705  30000  30 
