2.216900  2000  5 
4.768229  2000  10 
7.474266  2000  15 
4.578882  5000  5 
9.715094  5000  10 
15.150455  5000  15 
5.785664  10000  5 
11.750841  10000  10 
17.909214  10000  15 
8.056180  15000  5 
16.574724  15000  10 
23.538911  15000  15 
10.928355  20000  5 
21.623758  20000  10 
32.357338  20000  15 
19.581422  30000  5 
39.360349  30000  10 
58.790446  30000  15 
31.463261  40000  5 
62.626690  40000  10 
94.269225  40000  15 
46.509367  50000  5 
92.562959  50000  10 
138.547335  50000  15 
64.539537  60000  5 
129.818547  60000  10 
192.491098  60000  15 
77.952460  30000  20 
197.038231  30000  50 
117.680352  30000  30 
