1.820952  2000  5 
3.964981  2000  10 
6.104528  2000  15 
3.512846  5000  5 
7.634714  5000  10 
16.262802  5000  15 
5.212540  10000  5 
10.768408  10000  10 
16.294989  10000  15 
6.509206  15000  5 
12.752001  15000  10 
18.443990  15000  15 
7.828424  20000  5 
16.313281  20000  10 
23.920497  20000  15 
12.643341  30000  5 
25.744162  30000  10 
39.704812  30000  15 
18.930591  40000  5 
38.190395  40000  10 
56.713508  40000  15 
26.356375  50000  5 
52.389180  50000  10 
79.303986  50000  15 
35.324619  60000  5 
70.626487  60000  10 
105.623852  60000  15 
50.565590  30000  20 
130.880398  30000  50 
77.968611  30000  30 
