1.892791  2000  5 
3.872308  2000  10 
5.965712  2000  15 
3.156372  5000  5 
6.670259  5000  10 
10.075106  5000  15 
5.235112  10000  5 
13.240586  10000  10 
15.898907  10000  15 
5.823259  15000  5 
11.853946  15000  10 
18.610584  15000  15 
8.913850  20000  5 
15.767161  20000  10 
22.252957  20000  15 
11.468119  30000  5 
22.848114  30000  10 
32.892880  30000  15 
18.127686  40000  5 
32.403285  40000  10 
49.755771  40000  15 
22.709002  50000  5 
44.888483  50000  10 
68.303462  50000  15 
29.669767  60000  5 
58.964876  60000  10 
89.953887  60000  15 
45.814040  30000  20 
113.285082  30000  50 
71.029262  30000  30 
